
points2Tension=[33,46,69,72,73,82,177,207,224,247,248,263,275,288,313,319,326,336,341,348,386, ...
387,405,457,501,521,538,555,561,562,610,613,618,628,638,675,681,687,700,701,754,777,779,784,...
812,816,834,859,860,885,895,897,898,899,905];
% faseNudo=[1,2,1,1,1,2,2,3,1,2 ... 
%           2,3,2,1,2,3,3,3,3,1 ...
%           1,1,2,3,1,2,3,3,1,1 ...
%           1,3,3,1,2,2,2,2,3,2 ...
%           2,3,3,2,2,1,3,1,1,2 ...
%           1,1,2,1,1];

faseNudo=[1,3,1,1,1,3,3,5,1,3 ... 
          3,5,3,1,3,5,5,5,5,1 ...
          1,1,3,5,1,3,5,5,1,1 ...
          1,5,5,1,3,3,3,3,5,3 ...
          3,5,5,3,3,1,5,1,1,3 ...
          1,1,3,1,1];


points2Intensity=[6,27,36,85,47,71,147,162 ... 
    ,186,216,110,138,157,139,262,279,302,317,331,431,466 ...   
    ,489,549,578,603,296,383,414,522,593,602,624,679 ...
    ,690,706,711,730,778,818];
caractLoad=    [165,165,165,295,165,165,150,150 ... 
    ,150,150,165,150,150,200,200,200,150,150,150,150,150 ...
    ,150,150,150,150,200,200,200,200,200,200,200,200 ...
    ,200,150,150,150,150,150];








